100
426 467
303 484
120 302
1 302
475 934
309 840
264 878
129 634
729 859
4 104
121 485
1 5
484 584
552 976
238 295
7 109
121 484
303 742
777 994
65 584
360 996
8 10
483 484
100 1000
9 221
65 485
1 2
4 5
400 797
1 742
10 120
389 693
1 122
4 65
3 104
297 385
1 101
8 109
21 122
9 121
154 996
8 302
122 1000
21 121
527 856
8 9
125 312
742 926
630 937
7 9
122 483
584 877
120 484
7 584
101 193
384 484
3 65
121 584
1 104
3 6
4 4
121 122
3 5
466 779
1 221
120 121
1 109
3 302
1 10
1 584
9 584
3 221
1 4
3 10
9 9
1 1
4 584
120 584
389 962
3 4
267 436
1 121
7 65
65 221
8 121
8 131
652 675
1 65
7 10
303 485
1 484
66 869
1 6
94 942
51 617
3 9
9 109
9 484
1 1000
4 109
